[gd_scene load_steps=8 format=2]

[ext_resource path="res://packs/characters/Commander/Commander.glb" type="PackedScene" id=1]
[ext_resource path="res://packs/characters/Commander/Commander.gd" type="Script" id=2]
[ext_resource path="res://packs/characters/Commander/deflect.anim" type="Animation" id=3]
[ext_resource path="res://packs/characters/Effects/sfx/zapsplat_science_fiction_retro_laser_beam_002_44337.mp3.ogg" type="AudioStream" id=4]
[ext_resource path="res://packs/characters/Effects/shield.tscn" type="PackedScene" id=5]
[ext_resource path="res://packs/characters/Commander/block.anim" type="Animation" id=6]
[ext_resource path="res://packs/characters/Effects/laserbolt.tscn" type="PackedScene" id=8]

[node name="Commander" type="Spatial"]
script = ExtResource( 2 )

[node name="Commander" parent="." instance=ExtResource( 1 )]
transform = Transform( 0.448953, 0, 0.0306852, 0, 0.45, 0, -0.0306852, 0, 0.448953, 0, -0.404315, 0.188652 )

[node name="Armature005" parent="Commander" index="0"]
transform = Transform( 0.00219911, 0, 0.0251359, 0, 0.025232, 0, -0.0251359, 0, 0.00219911, -0.181935, 2.7501, -0.234055 )

[node name="BoneAttachment" parent="Commander/Armature005/Skeleton" index="0"]
transform = Transform( -2.42144e-08, -1, 4.47035e-08, 1.49012e-07, 4.47035e-08, 1, -1, 1.30385e-08, 1.19209e-07, -86.6651, 13.7013, 7.41111e-06 )

[node name="BoneAttachment 2" parent="Commander/Armature005/Skeleton" index="1"]
transform = Transform( -2.42144e-08, -1, 4.47035e-08, 1.49012e-07, 4.47035e-08, 1, -1, 1.30385e-08, 1.19209e-07, -56.3007, 13.7013, 7.0152e-06 )

[node name="BoneAttachment 3" parent="Commander/Armature005/Skeleton" index="2"]
transform = Transform( 0.000216407, 0.999891, -0.0147026, -0.0147028, 0.0147042, 0.999784, 0.999892, -1.1014e-07, 0.0147044, 58.8662, 12.8579, 3.17612e-07 )

[node name="BoneAttachment 4" parent="Commander/Armature005/Skeleton" index="3"]
transform = Transform( 1, 0, 0, 0, 1, -9.9515e-08, 0, 9.9515e-08, 1, -1.13786, -34.2356, 3.55986e-06 )

[node name="BoneAttachment 5" parent="Commander/Armature005/Skeleton" index="4"]
transform = Transform( 0.066484, 0.961695, 0.265936, 0.233245, -0.274121, 0.932981, 0.970142, 2.98023e-08, -0.242536, -0.376183, -34.208, 2.11418e-06 )

[node name="BoneAttachment 6" parent="Commander/Armature005/Skeleton" index="5"]
transform = Transform( 0.066484, 0.961695, 0.265936, 0.233245, -0.274121, 0.932981, 0.970142, 2.98023e-08, -0.242536, -0.376183, -34.208, 2.11418e-06 )

[node name="BoneAttachment 7" parent="Commander/Armature005/Skeleton" index="6"]
transform = Transform( 0.066484, 0.961695, 0.265936, 0.233245, -0.274121, 0.932981, 0.970142, 2.98023e-08, -0.242536, -0.376183, -34.208, 2.11418e-06 )

[node name="BoneAttachment 8" parent="Commander/Armature005/Skeleton" index="7"]
transform = Transform( 0.066484, 0.961695, 0.265936, 0.233245, -0.274121, 0.932981, 0.970142, 2.98023e-08, -0.242536, -0.376183, -34.208, 2.11418e-06 )

[node name="AnimationPlayer" parent="Commander" index="1"]
autoplay = "idle"
anims/block = ExtResource( 6 )
anims/deflect = ExtResource( 3 )

[node name="Camera" type="Camera" parent="."]
transform = Transform( 0.874645, 0, 0.484764, 0, 1, 0, -0.484764, 0, 0.874645, 2.80421, 1.36618, 2.91644 )

[node name="laserbolt" parent="." instance=ExtResource( 8 )]
transform = Transform( -4.37114e-08, 0, 1, 0, 1, 0, -1, 0, -4.37114e-08, 0.460712, 1.13291, 2.22492 )
lifetime = 0.2

[node name="Timer" type="Timer" parent="."]

[node name="sfx" type="AudioStreamPlayer3D" parent="."]
transform = Transform( -0.00815059, 0, -0.999967, 0, 1, 0, 0.999967, 0, -0.00815059, 3.72485, 2.72109, 3.57912 )
stream = ExtResource( 4 )
unit_db = 22.326
unit_size = 1.7
pitch_scale = 0.72
max_distance = 100.0
bus = "sfx"

[node name="shield" parent="." instance=ExtResource( 5 )]
transform = Transform( 0.45, 0, 0, 0, 0.45, 0, 0, 0, 0.45, 1.36824, 0.955989, 2.26857 )
visible = false
[connection signal="timeout" from="Timer" to="." method="_on_Timer_timeout"]

[editable path="Commander"]
