[gd_scene load_steps=11 format=2]

[ext_resource path="res://scenes/CharacterSelect.tscn" type="PackedScene" id=1]
[ext_resource path="res://packs/waypoints/trappist-1/graphics/Rooms/SleepBay/Sleepchambers.glb" type="PackedScene" id=2]
[ext_resource path="res://packs/waypoints/trappist-1/graphics/card_placement.glb" type="PackedScene" id=3]
[ext_resource path="res://packs/waypoints/trappist-1/scenes/sleepbay.gd" type="Script" id=4]
[ext_resource path="res://scenes/marker.tscn" type="PackedScene" id=5]
[ext_resource path="res://assets/sfx/zapsplat_multimedia_notification_short_digital_futuristic_beep_generic_008_53944.mp3.ogg" type="AudioStream" id=6]
[ext_resource path="res://packs/waypoints/trappist-1/sfx/zapsplat_science_fiction_door_open_hiss_air_release_then_auto_motor_drome_44436.mp3.ogg" type="AudioStream" id=7]
[ext_resource path="res://packs/waypoints/trappist-1/graphics/Rooms/SleepBay/Sleeppods.glb" type="PackedScene" id=8]

[sub_resource type="BoxShape" id=1]
extents = Vector3( 4.90352, 5.03937, 4.76453 )

[sub_resource type="BoxShape" id=2]
extents = Vector3( 1.6808, 0.081, 1.84199 )

[node name="sleepbay" type="Spatial" groups=[
"card",
]]
transform = Transform( 10, 0, 0, 0, 10, 0, 0, 0, 10, 5.49099, -0.0926189, 0 )
script = ExtResource( 4 )

[node name="p1" type="Position3D" parent="."]
transform = Transform( 0.6, 0, 0, 0, 0.6, 0, 0, 0, 0.6, 2.0857, 0.90162, -1.21301 )

[node name="p2" type="Position3D" parent="."]
transform = Transform( 0.6, 0, 0, 0, 0.6, 0, 0, 0, 0.6, 1.94324, 0.40656, 1.14898 )

[node name="p3" type="Position3D" parent="."]
transform = Transform( 0.6, 0, 0, 0, 0.6, 0, 0, 0, 0.6, 1.05428, 0.40656, 2.54843 )

[node name="p4" type="Position3D" parent="."]
transform = Transform( 0.6, 0, 0, 0, 0.6, 0, 0, 0, 0.6, 1.47101, 0.40656, -2.28908 )

[node name="Camera" type="Camera" parent="."]
transform = Transform( 1, 0, 0, 0, -4.37114e-08, 1, 0, -1, -4.37114e-08, 0, 12, 0 )

[node name="characterSelectPoint" type="Position3D" parent="."]
transform = Transform( 0.499131, 0, 0.0294702, 0, 0.5, 0, -0.0294702, 0, 0.499131, 0.534927, 0.599348, -0.548373 )

[node name="CharacterSelect" parent="characterSelectPoint" instance=ExtResource( 1 )]
transform = Transform( 1, 0, 0, 0, 1, 0, 0, 0, 1, 0.583244, -0.499983, -1.27424 )

[node name="OmniLight" type="OmniLight" parent="."]
transform = Transform( 0.1, 0, 0, 0, 0.1, 0, 0, 0, 0.1, 2.09518, 2.61444, 1.77965 )
light_energy = 0.5
shadow_enabled = true
omni_range = 6.29337

[node name="OmniLight2" type="OmniLight" parent="."]
transform = Transform( 0.1, 0, 0, 0, 0.1, 0, 0, 0, 0.1, 2.05427, 2.21587, -1.56263 )
light_energy = 0.5
shadow_enabled = true
omni_range = 6.08246

[node name="OmniLight3" type="OmniLight" parent="."]
transform = Transform( 0.1, 0, 0, 0, 0.1, 0, 0, 0, 0.1, -1.38864, 2.05183, 1.71137 )
light_energy = 0.5
shadow_enabled = true
omni_range = 6.29337

[node name="OmniLight4" type="OmniLight" parent="."]
transform = Transform( 0.1, 0, 0, 0, 0.1, 0, 0, 0, 0.1, -1.17276, 1.78442, -2.28515 )
light_energy = 0.5
shadow_enabled = true
omni_range = 6.08246

[node name="Area" type="Area" parent="." groups=[
"card",
"sleepbay",
]]

[node name="CollisionShape" type="CollisionShape" parent="Area"]
shape = SubResource( 1 )

[node name="path_marker" parent="." instance=ExtResource( 5 )]

[node name="Connectors" type="Spatial" parent="."]

[node name="Connector1" type="Area" parent="Connectors"]
transform = Transform( -1.62921e-07, 0, 1, 0, 1, 0, -1, 0, -1.62921e-07, 7.02877, 0, 0 )

[node name="CollisionShape" type="CollisionShape" parent="Connectors/Connector1"]
shape = SubResource( 2 )

[node name="card_placement" parent="Connectors/Connector1" instance=ExtResource( 3 )]
transform = Transform( 1, 0, 1.42109e-14, 0, 1, 0, -2.84217e-14, 0, 0.68, 7.45058e-09, 0, -0.0401521 )
visible = false

[node name="Connector2" type="Area" parent="Connectors"]
transform = Transform( 1.94707e-07, 0, -1, 0, 1, 0, 1, 0, 1.94707e-07, -6.84995, 0, 0 )

[node name="CollisionShape" type="CollisionShape" parent="Connectors/Connector2"]
shape = SubResource( 2 )

[node name="card_placement" parent="Connectors/Connector2" instance=ExtResource( 3 )]
transform = Transform( 1, 0, 0, 0, 1, 0, 0, 0, 0.65, 0, 0, 0 )
visible = false

[node name="Connector3" type="Area" parent="Connectors"]
transform = Transform( -1, 0, -1.50996e-07, 0, 1, 0, 1.50996e-07, 0, -1, 0, 0, -6.84286 )

[node name="CollisionShape" type="CollisionShape" parent="Connectors/Connector3"]
shape = SubResource( 2 )

[node name="card_placement" parent="Connectors/Connector3" instance=ExtResource( 3 )]
transform = Transform( 1, 0, 0, 0, 1, 0, 0, 0, 0.65, 0, 0, 0 )
visible = false

[node name="Connector4" type="Area" parent="Connectors"]
transform = Transform( 1, 0, 2.94055e-07, 0, 1, 0, -2.94055e-07, 0, 1, 0, 0, 6.94116 )

[node name="CollisionShape" type="CollisionShape" parent="Connectors/Connector4"]
shape = SubResource( 2 )

[node name="card_placement" parent="Connectors/Connector4" instance=ExtResource( 3 )]
transform = Transform( 1, 0, 0, 0, 1, 0, 0, 0, 0.65, 0, 0, 0 )
visible = false

[node name="Audio" type="Node" parent="."]

[node name="confirm" type="AudioStreamPlayer" parent="Audio"]
stream = ExtResource( 6 )
bus = "sfx"

[node name="AudioStreamPlayer" type="AudioStreamPlayer3D" parent="Audio"]
transform = Transform( 1, 0, 0, 0, 1, 0, 0, 0, 1, 0, -0.0926189, 0 )
stream = ExtResource( 7 )
unit_db = 28.0
max_distance = 200.0
bus = "sfx"

[node name="Sleepchambers" parent="." instance=ExtResource( 2 )]
transform = Transform( 1, 0, 0, 0, 1, 0, 0, 0, 1, -0.131001, 0, 0 )

[node name="Sleeppods" parent="." instance=ExtResource( 8 )]
transform = Transform( 0.6, 0, 0, 0, 0.6, 0, 0, 0, 0.6, 0.00739539, 0, 0 )

[node name="Bone" parent="Sleeppods/Pod1/Armature001" index="0"]
transform = Transform( 1, -3.66335e-09, -2.93256e-08, -3.66336e-09, 0.969269, -0.246001, 2.93256e-08, 0.246001, 0.969269, 0, 0, 0 )

[node name="Bone001" parent="Sleeppods/Pod1/Armature001" index="1"]
transform = Transform( 1, -5.9408e-08, -6.13014e-09, -1.49606e-08, -0.348545, 0.937292, -5.78193e-08, -0.937292, -0.348545, 0, 0, 0 )

[node name="Bone 2" parent="Sleeppods/Pod2/Armature" index="0"]
transform = Transform( 1, -1.73346e-09, -1.42702e-08, -1.73346e-09, 0.970917, -0.239415, 1.42702e-08, 0.239415, 0.970917, 0, 0, 0 )

[node name="Bone001 2" parent="Sleeppods/Pod2/Armature" index="1"]
transform = Transform( 1, -2.03791e-08, -4.37506e-10, -3.48548e-09, -0.1921, 0.981375, -2.00836e-08, -0.981375, -0.1921, 0, 0, 0 )

[node name="Bone 3" parent="Sleeppods/Pod3/Armature002" index="0"]
transform = Transform( 1, 1.00152e-09, 7.91627e-09, 1.00155e-09, 0.968492, -0.249045, -7.91627e-09, 0.249045, 0.968492, 0, 0, 0 )

[node name="Bone001 3" parent="Sleeppods/Pod3/Armature002" index="1"]
transform = Transform( 1, 9.75422e-09, 3.58185e-11, 1.49664e-09, -0.157061, 0.987589, 9.63878e-09, -0.987589, -0.157061, 0, 0, 0 )

[node name="Bone 4" parent="Sleeppods/Pod4/Armature003" index="0"]
transform = Transform( 1, 1.39437e-08, 1.1078e-07, 2.03995e-08, 0.968808, -0.247811, -1.02465e-07, 0.247811, 0.968808, 0, 0, 0 )

[node name="Bone001 4" parent="Sleeppods/Pod4/Armature003" index="1"]
transform = Transform( 1, 1.55048e-07, 3.71847e-09, 1.49272e-08, -0.19703, 0.980397, 1.44352e-07, -0.980397, -0.19703, 0, 0, 0 )
[connection signal="character_Select" from="." to="." method="_on_Start_character_Select"]
[connection signal="character_back" from="." to="." method="_on_Start_character_back"]
[connection signal="character_next" from="." to="." method="_on_Start_character_next"]
[connection signal="place" from="." to="." method="_on_sleepbay_place"]
[connection signal="placed" from="." to="." method="_on_Start_placed"]
[connection signal="input_event" from="Area" to="." method="_on_Area_input_event"]

[editable path="Sleeppods"]
